99 101
36 40
10 12
73 79
16 22
46 47
54 54
105 106
23 23
158 158
21 21
27 28
45 46
68 71
123 126
80 80
7 7
22 25
49 49
27 28
91 93
13 13
29 34
114 120
69 69
112 114
204 207
139 143
1 9
89 96
54 54
69 70
67 67
25 25
27 31
35 35
66 67
75 76
18 20
28 30
43 50
95 97
120 123
7 8
67 67
104 105
31 32
159 161
0 9
63 64
73 75
111 113
20 24
1 1
26 28
23 24
42 44
9 12
0 2
170 171
183 183
194 194
15 15
0 3
13 15
38 38
1 3
14 15
21 22
70 72
125 125
149 150
15 17
47 48
262 263
286 291
9 11
1 1
25 25
63 63
5 5
67 67
11 14
30 32
54 56
218 219
40 41
129 130
17 17
45 48
71 73
161 163
40 42
107 109
2 4
13 14
73 75
23 24
41 41
72 72
53 53
58 58
54 56
102 105
217 220
149 152
154 155
2 5
2 5
57 58
62 62
110 110
77 79
92 96
127 130
1 13
100 101
13 14
39 39
60 61
21 22
100 100
15 15
113 117
172 176
222 222
25 27
18 19
64 64
81 82
112 115
43 43
1 1
22 22
34 34
95 98
115 115
30 33
37 41
67 68
88 89
139 139
11 13
17 17
32 33
57 61
103 106
19 19
57 59
67 69
107 108
316 318
24 24
80 80
105 107
128 133
34 34
52 57
95 96
37 37
0 5
14 14
21 21
36 38
76 76
13 15
10 10
21 22
41 44
47 50
1 3
28 29
33 34
56 56
105 107
66 66
70 75
98 101
118 122
0 6
28 28
36 38
77 78
86 88
1 5
22 24
46 50
59 61
67 69
11 15
25 26
36 38
62 62
77 77
25 28
13 13
82 84
91 93
149 152
1 1
8 14
23 28
59 62
69 74
9 9
62 62
85 86
89 89
77 77
4 4
8 9
25 26
71 71
9 10
30 33
73 74
46 50
66 68
17 20
50 51
166 168
178 179
72 74
42 43
67 67
122 125
223 227
257 257
12 13
43 45
78 78
85 94
124 127
14 17
24 24
90 92
127 127
76 77
0 1
69 71
90 91
1 1
111 113
28 30
41 43
108 112
85 95
74 74
5 8
14 14
26 26
32 33
167 168
48 51
37 37
29 34
87 87
147 149
49 50
64 65
97 98
76 77
3 4
31 32
47 50
67 70
171 172
222 223
52 55
40 42
103 103
32 34
54 55
64 65
100 102
72 73
32 32
100 102
12 15
0 3
54 55
57 58
100 102
103 103
115 115
57 58
100 102
103 103
37 37
65 66
105 105
46 46
109 109
33 33
73 74
7 8
17 17
46 46
65 66
86 87
17 22
174 174
184 184
133 133
184 184
3 5
180 182
69 70
80 81
69 70
102 102
184 184
58 59
40 43
63 64
109 109
30 30
20 23
48 48
101 102
30 30
22 22
48 48
101 103
109 109
8 8
27 28
91 91
25 28
130 135
87 89
66 66
8 8
27 28
61 61
130 135
58 59
105 106
172 173
58 59
104 104
237 238
172 173
1 2
2 2
35 36
58 59
104 104
214 218
42 44
175 177
249 250
9 9
17 19
42 44
175 177
249 250
17 20
42 45
64 68
144 144
249 250
25 25
52 54
124 125
67 70
124 125
17 22
23 23
124 125
17 18
5 8
41 41
65 65
151 154
102 103
109 109
20 22
71 74
109 109
116 118
206 207
13 14
60 65
83 85
132 133
157 157
20 23
37 38
81 82
84 85
103 104
20 23
10 11
42 44
83 85
84 85
22 23
39 41
84 85
94 96
23 23
8 9
39 41
22 23
212 213
8 9
45 48
94 96
212 214
141 142
97 98
232 232
1 2
97 98
179 179
231 232
8 11
18 22
46 48
160 162
27 29
58 60
69 69
69 69
21 23
63 64
68 69
4 4
27 29
63 64
121 122
11 13
33 33
33 33
102 102
123 124
20 23
107 109
171 171
11 13
80 82
90 90
107 109
171 171
8 9
58 61
181 181
307 308
365 368
16 19
337 338
307 308
365 368
1 4
8 10
35 36
125 126
316 317
11 12
73 74
97 98
117 117
193 198
73 74
119 119
123 124
163 164
11 12
73 74
100 106
119 120
9 9
53 54
75 76
107 108
9 10
78 78
75 76
107 108
53 54
9 9
53 54
75 76
107 108
10 10
10 10
55 59
10 10
13 14
28 30
45 46
2 3
13 14
33 34
45 46
1 1
63 66
85 88
53 55
105 105
3 6
1 1
53 55
87 88
23 25
6 6
63 67
82 83
11 11
75 77
128 128
148 151
8 11
18 21
132 137
11 11
4 4
8 11
18 20
117 117
148 151
1 4
22 24
17 19
39 43
1 4
17 19
29 30
36 37
1 4
17 19
22 28
39 43
36 36
15 15
125 129
216 218
1 2
28 28
44 45
92 97
1 2
28 28
32 35
63 67
125 129
21 21
3 7
114 115
94 94
11 12
79 81
85 86
114 115
3 9
21 21
58 60
80 82
85 86
15 17
1 4
15 17
140 141
243 243
268 272
1 4
77 78
135 137
173 177
19 19
56 56
73 73
142 142
19 19
56 56
142 142
14 15
73 73
142 142
142 142
14 14
19 19
56 56
73 73
142 142
26 26
28 28
1 4
21 21
26 26
23 24
1 4
26 26
84 85
156 156
113 113
10 11
59 62
84 85
136 137
156 156
16 18
59 62
84 85
113 113
173 174
8 11
70 71
101 104
7 11
81 82
116 119
136 137
17 19
7 11
17 19
101 104
136 137
47 49
35 35
13 15
18 20
35 35
13 15
89 94
1 4
13 15
35 35
71 73
89 94
158 159
19 21
68 69
122 124
150 151
19 21
19 21
31 32
79 79
122 124
5 5
101 103
5 5
7 8
101 102
88 88
113 115
74 76
101 102
8 10
70 71
34 34
60 60
1 1
22 27
40 45
70 71
8 10
22 27
39 45
34 34
4 5
26 26
4 5
36 38
46 49
192 195
278 278
364 365
46 49
0 0
209 209
318 319
364 365
0 0
297 299
271 271
229 229
4 4
7 8
73 75
96 97
4 5
79 79
96 97
158 162
4 4
59 61
113 113
128 131
4 5
11 15
57 57
75 78
92 93
4 5
51 51
57 57
66 66
4 5
57 57
92 94
78 79
91 91
56 58
27 28
51 53
64 66
99 99
33 33
64 65
99 101
38 38
25 36
81 82
124 128
1 1
41 41
112 113
41 42
17 22
24 37
48 48
118 118
2 3
11 11
2 3
109 110
2 3
100 102
2 3
2 3
66 67
74 75
100 102
1 4
22 23
71 72
18 18
75 75
37 40
22 24
32 34
12 13
117 118
27 28
12 13
35 37
112 114
126 132
48 49
10 13
27 28
80 82
123 123
10 11
39 40
44 53
1 1
10 11
10 11
62 64
10 11
10 11
19 19
39 40
61 64
6 9
81 85
6 7
14 15
91 93
70 73
14 15
81 85
23 24
71 75
98 98
137 140
42 46
130 134
93 95
86 86
73 75
106 107
8 9
16 16
74 74
91 92
74 74
74 74
100 100
16 16
74 74
100 100
44 44
8 8
11 17
27 27
42 43
65 65
27 27
37 37
43 43
69 70
2 2
27 27
30 35
86 89
21 22
91 92
33 34
69 69
91 92
91 92
95 95
0 2
16 17
57 57
1 2
17 17
1 2
17 17
34 34
27 30
44 44
47 50
1 1
18 22
44 44
46 50
44 44
27 31
41 43
13 14
17 18
61 62
109 112
78 81
5 5
17 18
61 62
71 74
90 91
44 45
142 142
226 226
48 51
142 142
226 226
151 152
6 7
44 45
147 149
151 152
226 226
56 57
72 73
101 101
100 102
56 57
1 1
91 92
56 57
67 68
72 73
91 93
94 95
4 6
46 46
62 63
178 178
199 200
4 6
45 48
61 64
136 136
31 32
136 136
174 178
14 15
23 24
71 71
29 30
0 0
14 15
23 24
29 30
204 207
71 72
13 15
22 24
49 54
71 71
203 207
3 3
31 32
43 43
120 120
188 188
3 5
43 44
59 59
144 144
3 3
43 43
46 52
154 154
4 4
33 34
40 48
96 96
6 6
18 25
37 38
41 47
4 4
33 34
40 48
79 79
4 5
0 0
42 42
108 108
141 142
42 42
84 84
99 99
124 125
30 30
44 45
42 42
124 124
82 82
6 7
78 82
28 29
41 43
6 7
6 7
19 19
28 28
48 49
21 23
34 37
50 50
123 125
23 23
125 125
13 14
23 23
19 19
50 50
1 4
43 44
1 4
24 26
144 147
27 28
52 52
43 44
136 136
2 3
40 43
76 77
123 137
149 151
2 3
17 17
38 43
107 112
2 3
97 99
12 12
146 146
59 59
51 55
72 76
123 126
7 9
34 36
72 76
134 135
110 110
19 19
45 46
27 30
22 22
53 54
19 19
27 30
11 11
1 2
30 32
54 54
10 12
30 32
38 43
11 12